- Name: Sample Gantt
  Color:
    R: 255
    G: 255
    B: 255
    A: 0
  Task:
  - ID: 0
    ParentID: -1
    Name: Root
    StartDate: 2023-04-01T00:00:00.0000000
    FinishDate: 2023-04-30T00:00:00.0000000
    Progress: 32.41229248046875
    Responsibility: Me
  - ID: 1
    ParentID: 0
    Name: Work Item1
    StartDate: 2023-04-04T15:12:56.3064176
    FinishDate: 2023-04-23T02:55:30.7653172
    Progress: 45
    Responsibility: One
  - ID: 2
    ParentID: 0
    Name: Category1
    StartDate: 2023-04-06T00:00:00.0000000
    FinishDate: 2023-04-20T00:00:00.0000000+09:00
    Progress: 16.603471755981445
    Responsibility: Category1
  - ID: 3
    ParentID: 2
    Name: Category Item1
    StartDate: 2023-04-09T12:57:24.3200814
    FinishDate: 2023-04-19T06:15:30.9397485
    Progress: 20
    Responsibility: Category1
  - ID: 4
    ParentID: 2
    Name: Category Item2
    StartDate: 2023-04-15T00:00:00.0000000
    FinishDate: 2023-04-20T00:00:00.0000000+09:00
    Progress: 10
    Responsibility: Category1
  Dependency:
  - PredecessorID: 3
    SuccessorID: 4
  - PredecessorID: 1
    SuccessorID: 3